Gym Members Exercise Tracking - Insights Report
=======================================================

Total members: 973

Average numerical values:
Age                               38.683453
Weight (kg)                       73.854676
Height (m)                         1.722580
Max_BPM                          179.883864
Avg_BPM                          143.766701
Resting_BPM                       62.223022
Session_Duration (hours)           1.256423
Calories_Burned                  905.422405
Fat_Percentage                    24.976773
Water_Intake (liters)              2.626619
Workout_Frequency (days/week)      3.321686
Experience_Level                   1.809866
BMI                               24.912127

Correlation matrix:
                                    Age  Weight (kg)  Height (m)   Max_BPM   Avg_BPM  Resting_BPM  Session_Duration (hours)  Calories_Burned  Fat_Percentage  Water_Intake (liters)  Workout_Frequency (days/week)  Experience_Level       BMI
Age                            1.000000    -0.036340   -0.027837 -0.017073  0.035969     0.004354                 -0.019912        -0.154679        0.002370               0.041528                       0.008055         -0.018676 -0.013691
Weight (kg)                   -0.036340     1.000000    0.365321  0.057061  0.009717    -0.032138                 -0.013666         0.095443       -0.225512               0.394276                      -0.011769          0.003379  0.853158
Height (m)                    -0.027837     0.365321    1.000000 -0.017660 -0.014776    -0.005090                 -0.010206         0.086348       -0.235521               0.393533                      -0.011270         -0.010267 -0.159469
Max_BPM                       -0.017073     0.057061   -0.017660  1.000000 -0.039751     0.036647                  0.010051         0.002090       -0.009056               0.031621                      -0.029099          0.000545  0.067105
Avg_BPM                        0.035969     0.009717   -0.014776 -0.039751  1.000000     0.059636                  0.016014         0.339659       -0.007302              -0.002911                      -0.010681         -0.000888  0.021605
Resting_BPM                    0.004354    -0.032138   -0.005090  0.036647  0.059636     1.000000                 -0.016649         0.016518       -0.016834               0.007726                      -0.007967          0.001758 -0.032543
Session_Duration (hours)      -0.019912    -0.013666   -0.010206  0.010051  0.016014    -0.016649                  1.000000         0.908140       -0.581520               0.283411                       0.644140          0.764768 -0.006493
Calories_Burned               -0.154679     0.095443    0.086348  0.002090  0.339659     0.016518                  0.908140         1.000000       -0.597615               0.356931                       0.576150          0.694129  0.059761
Fat_Percentage                 0.002370    -0.225512   -0.235521 -0.009056 -0.007302    -0.016834                 -0.581520        -0.597615        1.000000              -0.588683                      -0.537060         -0.654363 -0.119258
Water_Intake (liters)          0.041528     0.394276    0.393533  0.031621 -0.002911     0.007726                  0.283411         0.356931       -0.588683               1.000000                       0.238563          0.304104  0.213697
Workout_Frequency (days/week)  0.008055    -0.011769   -0.011270 -0.029099 -0.010681    -0.007967                  0.644140         0.576150       -0.537060               0.238563                       1.000000          0.837079  0.001645
Experience_Level              -0.018676     0.003379   -0.010267  0.000545 -0.000888     0.001758                  0.764768         0.694129       -0.654363               0.304104                       0.837079          1.000000  0.016031
BMI                           -0.013691     0.853158   -0.159469  0.067105  0.021605    -0.032543                 -0.006493         0.059761       -0.119258               0.213697                       0.001645          0.016031  1.000000